ISS (ZARYA)             
1 25544U 98067A   24176.76833546  .00017171  00000+0  31076-3 0  9998
2 25544  51.6435 277.7395 0010521   4.2416 130.7730 15.49714168459726
CSS (TIANHE)            
1 48274U 21035A   24176.00600259  .00037022  00000+0  40635-3 0  9992
2 48274  41.4689  41.5341 0005056 269.9235  90.1025 15.62463302180164
ISS (NAUKA)             
1 49044U 21066A   24176.48622701  .00018395  00000+0  33236-3 0  9991
2 49044  51.6397 279.1387 0010719   1.7582 358.3442 15.49705750165624
FREGAT DEB              
1 49271U 11037PF  24176.43738697  .00034936  00000+0  68490-1 0  9994
2 49271  51.6801 327.1817 1004390 140.4246 227.4482 12.17467379136087
CSS (WENTIAN)           
1 53239U 22085A   24176.00600258  .00037405  00000+0  41049-3 0  9999
2 53239  41.4689  41.5342 0005057 269.9472  90.0788 15.62463612102473
CSS (MENGTIAN)          
1 54216U 22143A   24176.00600258  .00037405  00000+0  41049-3 0  9990
2 54216  41.4689  41.5342 0005057 269.9472  90.0788 15.62463612 93625
ISS DEB                 
1 58229U 98067WC  24176.52806441  .02030212  11961-4  77438-3 0  9990
2 58229  51.6143 247.6195 0011839 338.2401  21.8114 16.23234260 36886
BEAK                    
1 58612U 98067WD  24176.46331759  .01271926  11486-2  98590-3 0  9994
2 58612  51.6223 253.2898 0013894 340.9665  19.0830 16.14212881 29756
TIANZHOU-7              
1 58811U 24013A   24176.00600258  .00037405  00000+0  41049-3 0  9993
2 58811  41.4689  41.5342 0005057 269.9472  90.0788 15.62463612179715
CYGNUS NG-20            
1 58898U 24021A   24176.48622701  .00018395  00000+0  33236-3 0  9992
2 58898  51.6397 279.1387 0010719   1.7582 358.3442 15.49705750 22320
PROGRESS-MS 26          
1 58961U 24029A   24176.48622701  .00018395  00000+0  33236-3 0  9991
2 58961  51.6397 279.1387 0010719   1.7582 358.3442 15.49705750 20071
CREW DRAGON 8           
1 59097U 24042A   24176.48622701  .00018395  00000+0  33236-3 0  9997
2 59097  51.6397 279.1387 0010719   1.7582 358.3442 15.49705750 17281
SOYUZ-MS 25             
1 59294U 24055A   24176.48622701  .00018395  00000+0  33236-3 0  9990
2 59294  51.6397 279.1387 0010719   1.7582 358.3442 15.49705750 14131
MICROORBITER-1          
1 59483U 98067WF  24176.54999342  .00119820  00000+0  10696-2 0  9998
2 59483  51.6323 274.3012 0011083 334.1647  25.8794 15.67456509 11635
CURTIS                  
1 59507U 98067WG  24176.82049759  .00079967  00000+0  84480-3 0  9994
2 59507  51.6326 273.8589 0008274 336.3654  23.6959 15.63450461 11678
KASHIWA                 
1 59508U 98067WH  24176.50948796  .00147861  00000+0  11941-2 0  9999
2 59508  51.6304 274.0232 0012292 335.9526  24.0896 15.69773777 11647
1998-067WJ              
1 59559U 98067WJ  24176.55230168  .00073433  00000+0  82167-3 0  9999
2 59559  51.6355 275.8318 0007917 315.3374  44.6982 15.62015936 10499
1998-067WK              
1 59560U 98067WK  24176.50816109  .00194536  00000+0  14372-2 0  9991
2 59560  51.6323 274.0217 0014468 325.2444  34.7608 15.71707761 10435
1998-067WL              
1 59561U 98067WL  24176.54184354  .00033155  00000+0  46246-3 0  9991
2 59561  51.6367 277.2622 0004901 323.1031  36.9623 15.56572265 10443
BURSTCUBE               
1 59562U 98067WM  24176.49047844  .00079517  00000+0  88009-3 0  9993
2 59562  51.6361 276.1708 0008526 338.8045  21.2594 15.62257916 10462
SNOOPI                  
1 59563U 98067WN  24176.52552216  .00065174  00000+0  77503-3 0  9993
2 59563  51.6368 276.4069 0007156 339.7872  20.2837 15.60492245 10462
SHENZHOU-18 (SZ-18)     
1 59591U 24078A   24176.00600258  .00037405  00000+0  41049-3 0  9990
2 59591  41.4689  41.5342 0005057 269.9472  90.0788 15.62463612  8813
1998-067WP              
1 59596U 98067WP  24176.36792701  .00106514  00000+0  10558-2 0  9996
2 59596  51.6335 276.0959 0009603 320.2496  39.7795 15.64924364 10488
1998-067WQ              
1 59597U 98067WQ  24176.49264239  .00102364  00000+0  10079-2 0  9998
2 59597  51.6369 275.4398 0009725 320.7322  39.2967 15.65109092 10473
SZ-17 MODULE            
1 59624U 23164C   24176.81026431  .00033421  00000+0  31988-3 0  9991
2 59624  41.4776  36.2848 0007965 301.8063  58.2002 15.65941032  8737
PROGRESS-MS 27          
1 59913U 24103A   24175.51892768  .00018015  00000+0  32608-3 0  9998
2 59913  51.6399 283.9288 0010751 358.0495   2.0450 15.49669687459538
STARLINER CFT-1         
1 59968U 24109A   24176.48622701  .00018395  00000+0  33236-3 0  9998
2 59968  51.6397 279.1387 0010719   1.7582 358.3442 15.49705750  2787
